0 : [1, 1, 1, 1] = 15
1 : [0, 0, 0, 0] = 0
2 : [1, 0, 0, 0] = 8
3 : [0, 1, 0, 0] = 4
4 : [1, 0, 0, 0] = 8
5 : [0, 1, 0, 0] = 4
6 : [1, 1, 0, 0] = 12
7 : [0, 0, 1, 0] = 2
8 : [1, 0, 0, 0] = 8
9 : [0, 1, 0, 0] = 4
10 : [1, 1, 0, 0] = 12
11 : [0, 0, 1, 0] = 2
12 : [1, 1, 0, 0] = 12
13 : [0, 0, 0, 1] = 1
14 : [1, 0, 1, 0] = 10
15 : [0, 1, 0, 0] = 4
16 : [1, 0, 0, 0] = 8
17 : [0, 0, 0, 1] = 1
18 : [1, 1, 0, 0] = 12
19 : [0, 0, 0, 0] = 0
20 : [1, 1, 0, 0] = 12
21 : [0, 1, 1, 0] = 6
22 : [1, 0, 1, 0] = 10
23 : [0, 0, 0, 0] = 0
24 : [1, 1, 0, 0] = 12
25 : [0, 1, 0, 0] = 4
26 : [1, 0, 0, 1] = 9
27 : [0, 1, 0, 0] = 4
28 : [1, 0, 1, 0] = 10
29 : [0, 0, 0, 0] = 0
30 : [1, 1, 0, 0] = 12
31 : [0, 0, 0, 0] = 0
32 : [1, 0, 0, 0] = 8
33 : [0, 1, 1, 0] = 6
34 : [1, 0, 0, 1] = 9
35 : [0, 1, 1, 0] = 6
36 : [1, 1, 0, 0] = 12
37 : [0, 0, 0, 0] = 0
38 : [1, 0, 0, 0] = 8
39 : [0, 1, 0, 1] = 5
40 : [1, 1, 0, 0] = 12
41 : [0, 0, 0, 0] = 0
42 : [1, 1, 1, 0] = 14
43 : [0, 0, 0, 0] = 0
44 : [1, 0, 1, 0] = 10
45 : [0, 1, 0, 0] = 4
46 : [1, 0, 0, 0] = 8
47 : [0, 0, 0, 0] = 0
48 : [1, 1, 0, 0] = 12
49 : [0, 0, 1, 0] = 2
50 : [1, 1, 0, 0] = 12
51 : [0, 1, 0, 1] = 5
52 : [1, 0, 0, 1] = 9
53 : [0, 0, 0, 0] = 0
54 : [1, 1, 0, 0] = 12
55 : [0, 1, 1, 0] = 6
56 : [1, 0, 1, 0] = 10
57 : [0, 1, 0, 0] = 4
58 : [1, 0, 0, 0] = 8
59 : [0, 0, 0, 0] = 0
60 : [1, 1, 0, 0] = 12
61 : [0, 0, 0, 0] = 0
62 : [1, 0, 0, 0] = 8
63 : [0, 1, 1, 0] = 6
64 : [1, 0, 0, 0] = 8
65 : [0, 1, 0, 1] = 5
66 : [1, 1, 1, 0] = 14
67 : [0, 0, 0, 0] = 0
68 : [1, 0, 0, 1] = 9
69 : [0, 1, 0, 0] = 4
70 : [1, 1, 1, 0] = 14
71 : [0, 0, 0, 0] = 0
72 : [1, 1, 0, 0] = 12
73 : [0, 0, 0, 0] = 0
74 : [1, 0, 0, 0] = 8
75 : [0, 1, 0, 0] = 4
76 : [1, 0, 0, 0] = 8
77 : [0, 0, 1, 0] = 2
78 : [1, 1, 0, 1] = 13
79 : [0, 0, 0, 0] = 0
80 : [1, 1, 0, 0] = 12
81 : [0, 1, 0, 0] = 4
82 : [1, 0, 0, 0] = 8
83 : [0, 0, 0, 0] = 0
84 : [1, 1, 1, 0] = 14
85 : [0, 1, 0, 1] = 5
86 : [1, 0, 0, 0] = 8
87 : [0, 1, 0, 0] = 4
88 : [1, 0, 1, 0] = 10
89 : [0, 0, 0, 0] = 0
90 : [1, 1, 0, 0] = 12
91 : [0, 0, 1, 1] = 3
92 : [1, 0, 0, 0] = 8
93 : [0, 1, 0, 0] = 4
94 : [1, 0, 0, 0] = 8
95 : [0, 1, 0, 0] = 4
96 : [1, 1, 0, 0] = 12
97 : [0, 0, 0, 0] = 0
98 : [1, 0, 1, 0] = 10
99 : [0, 1, 1, 0] = 6
100 : [1, 1, 0, 0] = 12
101 : [0, 0, 0, 0] = 0
102 : [1, 1, 0, 1] = 13
103 : [0, 0, 0, 0] = 0
104 : [1, 0, 0, 1] = 9
105 : [0, 1, 1, 0] = 6
106 : [1, 0, 0, 0] = 8
107 : [0, 0, 0, 0] = 0
108 : [1, 1, 0, 0] = 12
109 : [0, 0, 0, 0] = 0
110 : [1, 1, 1, 0] = 14
111 : [0, 1, 0, 0] = 4
112 : [1, 0, 1, 0] = 10
113 : [0, 0, 0, 0] = 0
114 : [1, 1, 0, 0] = 12
115 : [0, 1, 0, 0] = 4
116 : [1, 0, 0, 0] = 8
117 : [0, 1, 0, 1] = 5
118 : [1, 0, 0, 0] = 8
119 : [0, 0, 1, 1] = 3
120 : [1, 1, 0, 0] = 12
121 : [0, 0, 1, 0] = 2
122 : [1, 0, 0, 0] = 8
123 : [0, 1, 0, 0] = 4
124 : [1, 0, 0, 0] = 8
125 : [0, 1, 0, 0] = 4
126 : [1, 1, 1, 0] = 14
127 : [0, 0, 0, 0] = 0
128 : [1, 0, 0, 0] = 8
129 : [0, 1, 0, 0] = 4
130 : [1, 1, 0, 1] = 13
131 : [0, 0, 0, 0] = 0
132 : [1, 1, 1, 0] = 14
133 : [0, 0, 1, 0] = 2
134 : [1, 0, 0, 0] = 8
135 : [0, 1, 0, 0] = 4
136 : [1, 0, 0, 1] = 9
137 : [0, 0, 0, 0] = 0
138 : [1, 1, 0, 0] = 12
139 : [0, 0, 0, 0] = 0
140 : [1, 1, 1, 0] = 14
141 : [0, 1, 0, 0] = 4
142 : [1, 0, 0, 0] = 8
143 : [0, 0, 1, 1] = 3
144 : [1, 1, 0, 0] = 12
145 : [0, 1, 0, 0] = 4
146 : [1, 0, 0, 0] = 8
147 : [0, 1, 1, 0] = 6
148 : [1, 0, 0, 0] = 8
149 : [0, 0, 0, 0] = 0
150 : [1, 1, 0, 0] = 12
151 : [0, 0, 0, 0] = 0
152 : [1, 0, 0, 0] = 8
153 : [0, 1, 0, 1] = 5
154 : [1, 0, 1, 0] = 10
155 : [0, 1, 0, 0] = 4
156 : [1, 1, 0, 1] = 13
157 : [0, 0, 0, 0] = 0
158 : [1, 0, 0, 0] = 8
159 : [0, 1, 0, 0] = 4
160 : [1, 1, 0, 0] = 12
161 : [0, 0, 1, 0] = 2
162 : [1, 1, 0, 0] = 12
163 : [0, 0, 0, 0] = 0
164 : [1, 0, 0, 0] = 8
165 : [0, 1, 1, 0] = 6
166 : [1, 0, 0, 0] = 8
167 : [0, 0, 0, 0] = 0
168 : [1, 1, 1, 0] = 14
169 : [0, 0, 0, 1] = 1
170 : [1, 1, 0, 1] = 13
171 : [0, 1, 0, 0] = 4
172 : [1, 0, 0, 0] = 8
173 : [0, 0, 0, 0] = 0
174 : [1, 1, 0, 0] = 12
175 : [0, 1, 1, 0] = 6
176 : [1, 0, 1, 0] = 10
177 : [0, 1, 0, 0] = 4
178 : [1, 0, 0, 0] = 8
179 : [0, 0, 0, 0] = 0
180 : [1, 1, 0, 0] = 12
181 : [0, 0, 0, 0] = 0
182 : [1, 0, 1, 1] = 11
183 : [0, 1, 0, 0] = 4
184 : [1, 0, 0, 0] = 8
185 : [0, 1, 0, 0] = 4
186 : [1, 1, 0, 0] = 12
187 : [0, 0, 1, 1] = 3
188 : [1, 0, 0, 0] = 8
189 : [0, 1, 1, 0] = 6
190 : [1, 1, 0, 0] = 12
191 : [0, 0, 0, 0] = 0
192 : [1, 1, 0, 0] = 12
193 : [0, 0, 0, 0] = 0
194 : [1, 0, 0, 0] = 8
195 : [0, 1, 0, 1] = 5
196 : [1, 0, 1, 0] = 10
197 : [0, 0, 0, 0] = 0
198 : [1, 1, 1, 0] = 14
199 : [0, 0, 0, 0] = 0
200 : [1, 1, 0, 0] = 12
201 : [0, 1, 0, 0] = 4
202 : [1, 0, 0, 0] = 8
203 : [0, 0, 1, 0] = 2
204 : [1, 1, 0, 1] = 13
205 : [0, 1, 0, 0] = 4
206 : [1, 0, 0, 0] = 8
207 : [0, 1, 0, 0] = 4
208 : [1, 0, 0, 1] = 9
209 : [0, 0, 1, 0] = 2
210 : [1, 1, 1, 0] = 14
211 : [0, 0, 0, 0] = 0
212 : [1, 0, 0, 0] = 8
213 : [0, 1, 0, 0] = 4
214 : [1, 0, 0, 0] = 8
215 : [0, 1, 0, 0] = 4
216 : [1, 1, 0, 0] = 12
217 : [0, 0, 1, 0] = 2
218 : [1, 0, 0, 0] = 8
219 : [0, 1, 0, 0] = 4
220 : [1, 1, 1, 0] = 14
221 : [0, 0, 0, 1] = 1
222 : [1, 1, 0, 0] = 12
223 : [0, 0, 0, 0] = 0
224 : [1, 0, 1, 0] = 10
225 : [0, 1, 0, 0] = 4
226 : [1, 0, 0, 0] = 8
227 : [0, 0, 0, 0] = 0
228 : [1, 1, 0, 0] = 12
229 : [0, 0, 0, 0] = 0
230 : [1, 1, 0, 0] = 12
231 : [0, 1, 1, 0] = 6
232 : [1, 0, 0, 0] = 8
233 : [0, 0, 0, 0] = 0
234 : [1, 1, 0, 1] = 13
235 : [0, 1, 0, 0] = 4
236 : [1, 0, 0, 0] = 8
237 : [0, 1, 0, 0] = 4
238 : [1, 0, 1, 1] = 11
239 : [0, 0, 0, 0] = 0
240 : [1, 1, 0, 0] = 12
241 : [0, 0, 0, 0] = 0
242 : [1, 0, 1, 0] = 10
243 : [0, 1, 0, 0] = 4
244 : [1, 0, 0, 0] = 8
245 : [0, 1, 1, 0] = 6
246 : [1, 1, 0, 0] = 12
247 : [0, 0, 0, 1] = 1
248 : [1, 0, 0, 0] = 8
249 : [0, 1, 0, 0] = 4
250 : [1, 1, 0, 0] = 12
251 : [0, 0, 0, 0] = 0
252 : [1, 1, 1, 0] = 14
253 : [0, 0, 1, 0] = 2
254 : [1, 0, 0, 0] = 8
255 : [0, 1, 0, 1] = 5
256 : [1, 0, 0, 0] = 8
257 : [0, 0, 0, 0] = 0
258 : [1, 1, 0, 0] = 12
259 : [0, 0, 1, 0] = 2
260 : [1, 1, 0, 1] = 13
261 : [0, 1, 0, 0] = 4
262 : [1, 0, 0, 0] = 8
263 : [0, 0, 0, 0] = 0
264 : [1, 1, 1, 0] = 14
265 : [0, 1, 0, 0] = 4
266 : [1, 0, 1, 0] = 10
267 : [0, 1, 0, 0] = 4
268 : [1, 0, 0, 0] = 8
269 : [0, 0, 0, 0] = 0
270 : [1, 1, 0, 0] = 12
271 : [0, 0, 0, 0] = 0
272 : [1, 0, 0, 1] = 9
273 : [0, 1, 1, 1] = 7
274 : [1, 0, 0, 0] = 8
275 : [0, 1, 1, 0] = 6
276 : [1, 1, 0, 0] = 12
277 : [0, 0, 0, 0] = 0
278 : [1, 0, 0, 0] = 8
279 : [0, 1, 0, 0] = 4
280 : [1, 1, 1, 0] = 14
281 : [0, 0, 0, 0] = 0
282 : [1, 1, 0, 0] = 12
283 : [0, 0, 0, 0] = 0
284 : [1, 0, 0, 0] = 8
285 : [0, 1, 0, 0] = 4
286 : [1, 0, 1, 1] = 11
287 : [0, 0, 1, 0] = 2
288 : [1, 1, 0, 0] = 12
289 : [0, 0, 0, 1] = 1
290 : [1, 1, 0, 0] = 12
291 : [0, 1, 0, 0] = 4
292 : [1, 0, 0, 0] = 8
293 : [0, 0, 0, 0] = 0
294 : [1, 1, 1, 0] = 14
295 : [0, 1, 0, 0] = 4
296 : [1, 0, 0, 0] = 8
297 : [0, 1, 1, 0] = 6
298 : [1, 0, 0, 0] = 8
299 : [0, 0, 0, 1] = 1
300 : [1, 1, 0, 0] = 12
301 : [0, 0, 1, 0] = 2
302 : [1, 0, 0, 0] = 8
303 : [0, 1, 0, 0] = 4
304 : [1, 0, 0, 0] = 8
305 : [0, 1, 0, 0] = 4
306 : [1, 1, 0, 1] = 13
307 : [0, 0, 0, 0] = 0
308 : [1, 0, 1, 0] = 10
309 : [0, 1, 0, 0] = 4
310 : [1, 1, 0, 0] = 12
311 : [0, 0, 0, 0] = 0
312 : [1, 1, 0, 1] = 13
313 : [0, 0, 0, 0] = 0
314 : [1, 0, 0, 0] = 8
315 : [0, 1, 1, 0] = 6
316 : [1, 0, 0, 0] = 8
317 : [0, 0, 0, 0] = 0
318 : [1, 1, 0, 0] = 12
319 : [0, 0, 1, 0] = 2
320 : [1, 1, 0, 0] = 12
321 : [0, 1, 0, 0] = 4
322 : [1, 0, 1, 0] = 10
323 : [0, 0, 0, 1] = 1
324 : [1, 1, 0, 0] = 12
325 : [0, 1, 0, 1] = 5
326 : [1, 0, 0, 0] = 8
327 : [0, 1, 0, 0] = 4
328 : [1, 0, 0, 0] = 8
329 : [0, 0, 1, 0] = 2
330 : [1, 1, 1, 0] = 14
331 : [0, 0, 0, 0] = 0
332 : [1, 0, 0, 0] = 8
333 : [0, 1, 0, 0] = 4
334 : [1, 0, 0, 0] = 8
335 : [0, 1, 0, 0] = 4
336 : [1, 1, 1, 0] = 14
337 : [0, 0, 0, 0] = 0
338 : [1, 0, 0, 1] = 9
339 : [0, 1, 0, 0] = 4
340 : [1, 1, 0, 1] = 13
341 : [0, 0, 1, 0] = 2
342 : [1, 1, 0, 0] = 12
343 : [0, 0, 1, 0] = 2
344 : [1, 0, 0, 0] = 8
345 : [0, 1, 0, 0] = 4
346 : [1, 0, 0, 0] = 8
347 : [0, 0, 0, 0] = 0
348 : [1, 1, 0, 0] = 12
349 : [0, 0, 0, 0] = 0
350 : [1, 1, 1, 0] = 14
351 : [0, 1, 0, 1] = 5
352 : [1, 0, 1, 0] = 10
353 : [0, 0, 0, 0] = 0
354 : [1, 1, 0, 0] = 12
355 : [0, 1, 0, 0] = 4
356 : [1, 0, 0, 0] = 8
357 : [0, 1, 1, 1] = 7
358 : [1, 0, 0, 0] = 8
359 : [0, 0, 0, 0] = 0
360 : [1, 1, 0, 0] = 12
361 : [0, 0, 0, 0] = 0
362 : [1, 0, 0, 0] = 8
363 : [0, 1, 1, 0] = 6
364 : [1, 0, 1, 1] = 11
365 : [0, 1, 0, 0] = 4
366 : [1, 1, 0, 0] = 12
367 : [0, 0, 0, 0] = 0
368 : [1, 0, 0, 0] = 8
369 : [0, 1, 0, 0] = 4
370 : [1, 1, 0, 0] = 12
371 : [0, 0, 1, 0] = 2
372 : [1, 1, 0, 0] = 12
373 : [0, 0, 0, 0] = 0
374 : [1, 0, 1, 1] = 11
375 : [0, 1, 0, 0] = 4
376 : [1, 0, 0, 0] = 8
377 : [0, 0, 0, 1] = 1
378 : [1, 1, 1, 0] = 14
379 : [0, 0, 0, 0] = 0
380 : [1, 1, 0, 0] = 12
381 : [0, 1, 0, 0] = 4
382 : [1, 0, 0, 0] = 8
383 : [0, 0, 0, 0] = 0
384 : [1, 1, 0, 0] = 12
385 : [0, 1, 1, 0] = 6
386 : [1, 0, 0, 0] = 8
387 : [0, 1, 0, 0] = 4
388 : [1, 0, 0, 0] = 8
389 : [0, 0, 0, 0] = 0
390 : [1, 1, 0, 1] = 13
391 : [0, 0, 0, 1] = 1
392 : [1, 0, 1, 0] = 10
393 : [0, 1, 0, 0] = 4
394 : [1, 0, 0, 0] = 8
395 : [0, 1, 0, 0] = 4
396 : [1, 1, 1, 0] = 14
397 : [0, 0, 0, 0] = 0
398 : [1, 0, 0, 0] = 8
399 : [0, 1, 1, 0] = 6
400 : [1, 1, 0, 0] = 12
401 : [0, 0, 0, 0] = 0
402 : [1, 1, 0, 0] = 12
403 : [0, 0, 0, 1] = 1
404 : [1, 0, 0, 0] = 8
405 : [0, 1, 0, 0] = 4
406 : [1, 0, 1, 0] = 10
407 : [0, 0, 1, 0] = 2
408 : [1, 1, 0, 1] = 13
409 : [0, 0, 0, 0] = 0
410 : [1, 1, 0, 0] = 12
411 : [0, 1, 0, 0] = 4
412 : [1, 0, 0, 0] = 8
413 : [0, 0, 1, 0] = 2
414 : [1, 1, 0, 0] = 12
415 : [0, 1, 0, 0] = 4
416 : [1, 0, 0, 1] = 9
417 : [0, 1, 0, 0] = 4
418 : [1, 0, 1, 0] = 10
419 : [0, 0, 0, 0] = 0
420 : [1, 1, 1, 0] = 14
421 : [0, 0, 0, 0] = 0
422 : [1, 0, 0, 0] = 8
423 : [0, 1, 0, 0] = 4
424 : [1, 0, 0, 0] = 8
425 : [0, 1, 0, 1] = 5
426 : [1, 1, 0, 0] = 12
427 : [0, 0, 1, 0] = 2
428 : [1, 0, 0, 0] = 8
429 : [0, 1, 1, 1] = 7
430 : [1, 1, 0, 0] = 12
431 : [0, 0, 0, 0] = 0
432 : [1, 1, 0, 0] = 12
433 : [0, 0, 0, 0] = 0
434 : [1, 0, 1, 0] = 10
435 : [0, 1, 0, 0] = 4
436 : [1, 0, 0, 0] = 8
437 : [0, 0, 0, 0] = 0
438 : [1, 1, 0, 0] = 12
439 : [0, 0, 0, 0] = 0
440 : [1, 1, 1, 0] = 14
441 : [0, 1, 1, 0] = 6
442 : [1, 0, 0, 1] = 9
443 : [0, 0, 0, 0] = 0
444 : [1, 1, 0, 0] = 12
445 : [0, 1, 0, 0] = 4
446 : [1, 0, 0, 0] = 8
447 : [0, 1, 0, 0] = 4
448 : [1, 0, 1, 0] = 10
449 : [0, 0, 0, 0] = 0
450 : [1, 1, 0, 0] = 12
451 : [0, 0, 1, 0] = 2
452 : [1, 0, 0, 0] = 8
453 : [0, 1, 0, 0] = 4
454 : [1, 0, 0, 0] = 8
455 : [0, 1, 1, 1] = 7
456 : [1, 1, 0, 0] = 12
457 : [0, 0, 0, 0] = 0
458 : [1, 0, 0, 0] = 8
459 : [0, 1, 0, 1] = 5
460 : [1, 1, 0, 0] = 12
461 : [0, 0, 0, 0] = 0
462 : [1, 1, 1, 0] = 14
463 : [0, 0, 0, 0] = 0
464 : [1, 0, 0, 0] = 8
465 : [0, 1, 0, 0] = 4
466 : [1, 0, 0, 0] = 8
467 : [0, 0, 0, 0] = 0
468 : [1, 1, 0, 1] = 13
469 : [0, 0, 1, 0] = 2
470 : [1, 1, 0, 0] = 12
471 : [0, 1, 0, 0] = 4
472 : [1, 0, 0, 0] = 8
473 : [0, 0, 1, 0] = 2
474 : [1, 1, 0, 0] = 12
475 : [0, 1, 0, 0] = 4
476 : [1, 0, 1, 1] = 11
477 : [0, 1, 0, 0] = 4
478 : [1, 0, 0, 0] = 8
479 : [0, 0, 0, 0] = 0
480 : [1, 1, 0, 0] = 12
481 : [0, 0, 0, 1] = 1
482 : [1, 0, 0, 0] = 8
483 : [0, 1, 1, 0] = 6
484 : [1, 0, 1, 0] = 10
485 : [0, 1, 0, 0] = 4
486 : [1, 1, 0, 0] = 12
487 : [0, 0, 0, 0] = 0
488 : [1, 0, 0, 0] = 8
489 : [0, 1, 0, 0] = 4
490 : [1, 1, 1, 0] = 14
491 : [0, 0, 0, 0] = 0
492 : [1, 1, 0, 0] = 12
493 : [0, 0, 0, 1] = 1
494 : [1, 0, 0, 1] = 9
495 : [0, 1, 1, 0] = 6
496 : [1, 0, 0, 0] = 8
497 : [0, 0, 1, 0] = 2
498 : [1, 1, 0, 0] = 12
499 : [0, 0, 0, 0] = 0
500 : [1, 1, 0, 0] = 12
501 : [0, 1, 0, 0] = 4
502 : [1, 0, 0, 0] = 8
503 : [0, 0, 0, 0] = 0
504 : [1, 1, 1, 0] = 14
505 : [0, 1, 0, 0] = 4
506 : [1, 0, 1, 0] = 10
507 : [0, 1, 0, 1] = 5
508 : [1, 0, 0, 0] = 8
509 : [0, 0, 0, 0] = 0
510 : [1, 1, 0, 1] = 13
511 : [0, 0, 1, 0] = 2
512 : [1, 0, 0, 0] = 8
513 : [0, 1, 0, 0] = 4
514 : [1, 0, 0, 0] = 8
515 : [0, 1, 0, 0] = 4
516 : [1, 1, 0, 0] = 12
517 : [0, 0, 1, 0] = 2
518 : [1, 0, 1, 0] = 10
519 : [0, 1, 0, 0] = 4
520 : [1, 1, 0, 1] = 13
521 : [0, 0, 0, 0] = 0
522 : [1, 1, 0, 0] = 12
523 : [0, 0, 0, 0] = 0
524 : [1, 0, 0, 0] = 8
525 : [0, 1, 1, 0] = 6
526 : [1, 0, 0, 0] = 8
527 : [0, 0, 0, 1] = 1
528 : [1, 1, 1, 0] = 14
529 : [0, 0, 0, 0] = 0
530 : [1, 1, 0, 0] = 12
531 : [0, 1, 0, 0] = 4
532 : [1, 0, 1, 0] = 10
533 : [0, 0, 0, 1] = 1
534 : [1, 1, 0, 0] = 12
535 : [0, 1, 0, 0] = 4
536 : [1, 0, 0, 0] = 8
537 : [0, 1, 0, 0] = 4
538 : [1, 0, 0, 0] = 8
539 : [0, 0, 1, 0] = 2
540 : [1, 1, 0, 0] = 12
541 : [0, 0, 0, 0] = 0
542 : [1, 0, 0, 0] = 8
543 : [0, 1, 0, 0] = 4
544 : [1, 0, 0, 1] = 9
545 : [0, 1, 0, 0] = 4
546 : [1, 1, 1, 1] = 15
547 : [0, 0, 0, 0] = 0
548 : [1, 0, 0, 0] = 8
549 : [0, 1, 0, 0] = 4
550 : [1, 1, 1, 0] = 14
551 : [0, 0, 0, 0] = 0
552 : [1, 1, 0, 0] = 12
553 : [0, 0, 1, 0] = 2
554 : [1, 0, 0, 0] = 8
555 : [0, 1, 0, 0] = 4
556 : [1, 0, 0, 0] = 8
557 : [0, 0, 0, 0] = 0
558 : [1, 1, 0, 0] = 12
559 : [0, 0, 0, 1] = 1
560 : [1, 1, 1, 0] = 14
561 : [0, 1, 1, 1] = 7
562 : [1, 0, 0, 0] = 8
563 : [0, 0, 0, 0] = 0
564 : [1, 1, 0, 0] = 12
565 : [0, 1, 0, 0] = 4
566 : [1, 0, 0, 0] = 8
567 : [0, 1, 1, 0] = 6
568 : [1, 0, 0, 0] = 8
569 : [0, 0, 0, 0] = 0
570 : [1, 1, 0, 0] = 12
571 : [0, 0, 0, 0] = 0
572 : [1, 0, 1, 1] = 11
573 : [0, 1, 0, 0] = 4
574 : [1, 0, 1, 0] = 10
575 : [0, 1, 0, 0] = 4
576 : [1, 1, 0, 0] = 12
577 : [0, 0, 0, 0] = 0
578 : [1, 0, 0, 1] = 9
579 : [0, 1, 0, 0] = 4
580 : [1, 1, 0, 0] = 12
581 : [0, 0, 1, 0] = 2
582 : [1, 1, 0, 0] = 12
583 : [0, 0, 1, 0] = 2
584 : [1, 0, 0, 0] = 8
585 : [0, 1, 0, 1] = 5
586 : [1, 0, 0, 0] = 8
587 : [0, 0, 0, 0] = 0
588 : [1, 1, 1, 0] = 14
589 : [0, 0, 0, 0] = 0
590 : [1, 1, 0, 0] = 12
591 : [0, 1, 0, 0] = 4
592 : [1, 0, 0, 0] = 8
593 : [0, 0, 0, 0] = 0
594 : [1, 1, 1, 0] = 14
595 : [0, 1, 1, 1] = 7
596 : [1, 0, 0, 0] = 8
597 : [0, 1, 0, 0] = 4
598 : [1, 0, 0, 1] = 9
599 : [0, 0, 0, 0] = 0
600 : [1, 1, 0, 0] = 12
601 : [0, 0, 0, 0] = 0
602 : [1, 0, 1, 0] = 10
603 : [0, 1, 0, 0] = 4
604 : [1, 0, 0, 0] = 8
605 : [0, 1, 1, 0] = 6
606 : [1, 1, 0, 0] = 12
607 : [0, 0, 0, 0] = 0
608 : [1, 0, 0, 0] = 8
609 : [0, 1, 1, 0] = 6
610 : [1, 1, 0, 0] = 12
611 : [0, 0, 0, 1] = 1
612 : [1, 1, 0, 1] = 13
613 : [0, 0, 0, 0] = 0
614 : [1, 0, 0, 0] = 8
615 : [0, 1, 0, 0] = 4
616 : [1, 0, 1, 0] = 10
617 : [0, 0, 0, 0] = 0
618 : [1, 1, 0, 0] = 12
619 : [0, 0, 0, 0] = 0
620 : [1, 1, 0, 0] = 12
621 : [0, 1, 0, 0] = 4
622 : [1, 0, 0, 0] = 8
623 : [0, 0, 1, 0] = 2
624 : [1, 1, 0, 1] = 13
625 : [0, 1, 0, 0] = 4
626 : [1, 0, 0, 0] = 8
627 : [0, 1, 1, 0] = 6
628 : [1, 0, 0, 0] = 8
629 : [0, 0, 0, 1] = 1
630 : [1, 1, 1, 0] = 14
631 : [0, 0, 0, 0] = 0
632 : [1, 0, 0, 0] = 8
633 : [0, 1, 0, 0] = 4
634 : [1, 0, 0, 0] = 8
635 : [0, 1, 0, 0] = 4
636 : [1, 1, 0, 0] = 12
637 : [0, 0, 1, 1] = 3
638 : [1, 0, 1, 0] = 10
639 : [0, 1, 0, 0] = 4
640 : [1, 1, 0, 0] = 12
641 : [0, 0, 0, 0] = 0
642 : [1, 1, 0, 0] = 12
643 : [0, 0, 0, 0] = 0
644 : [1, 0, 1, 0] = 10
645 : [0, 1, 0, 0] = 4
646 : [1, 0, 0, 1] = 9
647 : [0, 0, 0, 0] = 0
648 : [1, 1, 0, 0] = 12
649 : [0, 0, 1, 0] = 2
650 : [1, 1, 0, 1] = 13
651 : [0, 1, 1, 0] = 6
652 : [1, 0, 0, 0] = 8
653 : [0, 0, 0, 0] = 0
654 : [1, 1, 0, 0] = 12
655 : [0, 1, 0, 0] = 4
656 : [1, 0, 0, 0] = 8
657 : [0, 1, 0, 0] = 4
658 : [1, 0, 1, 0] = 10
659 : [0, 0, 0, 0] = 0
660 : [1, 1, 1, 0] = 14
661 : [0, 0, 0, 0] = 0
662 : [1, 0, 0, 0] = 8
663 : [0, 1, 0, 1] = 5
664 : [1, 0, 0, 0] = 8
665 : [0, 1, 1, 0] = 6
666 : [1, 1, 0, 0] = 12
667 : [0, 0, 0, 0] = 0
668 : [1, 0, 0, 0] = 8
669 : [0, 1, 0, 0] = 4
670 : [1, 1, 0, 0] = 12
671 : [0, 0, 1, 0] = 2
672 : [1, 1, 1, 0] = 14
673 : [0, 0, 0, 0] = 0
674 : [1, 0, 0, 0] = 8
675 : [0, 1, 0, 0] = 4
676 : [1, 0, 0, 1] = 9
677 : [0, 0, 0, 0] = 0
678 : [1, 1, 0, 0] = 12
679 : [0, 0, 1, 0] = 2
680 : [1, 1, 0, 1] = 13
681 : [0, 1, 0, 0] = 4
682 : [1, 0, 1, 0] = 10
683 : [0, 0, 0, 0] = 0
684 : [1, 1, 0, 0] = 12
685 : [0, 1, 0, 0] = 4
686 : [1, 0, 1, 0] = 10
687 : [0, 1, 0, 0] = 4
688 : [1, 0, 0, 0] = 8
689 : [0, 0, 0, 1] = 1
690 : [1, 1, 0, 0] = 12
691 : [0, 0, 0, 0] = 0
692 : [1, 0, 0, 0] = 8
693 : [0, 1, 1, 0] = 6
694 : [1, 0, 0, 0] = 8
695 : [0, 1, 0, 0] = 4
696 : [1, 1, 0, 0] = 12
697 : [0, 0, 0, 1] = 1
698 : [1, 0, 0, 0] = 8
699 : [0, 1, 0, 0] = 4
700 : [1, 1, 1, 0] = 14
701 : [0, 0, 0, 0] = 0
702 : [1, 1, 0, 1] = 13
703 : [0, 0, 0, 0] = 0
704 : [1, 0, 1, 0] = 10
705 : [0, 1, 0, 0] = 4
706 : [1, 0, 0, 0] = 8
707 : [0, 0, 1, 0] = 2
708 : [1, 1, 0, 0] = 12
709 : [0, 0, 0, 0] = 0
710 : [1, 1, 0, 0] = 12
711 : [0, 1, 0, 0] = 4
712 : [1, 0, 0, 0] = 8
713 : [0, 0, 0, 0] = 0
714 : [1, 1, 1, 1] = 15
715 : [0, 1, 1, 1] = 7
716 : [1, 0, 0, 0] = 8
717 : [0, 1, 0, 0] = 4
718 : [1, 0, 0, 0] = 8
719 : [0, 0, 0, 0] = 0
720 : [1, 1, 0, 0] = 12
721 : [0, 0, 1, 0] = 2
722 : [1, 0, 0, 0] = 8
723 : [0, 1, 0, 0] = 4
724 : [1, 0, 0, 0] = 8
725 : [0, 1, 0, 0] = 4
726 : [1, 1, 1, 0] = 14
727 : [0, 0, 0, 0] = 0
728 : [1, 0, 1, 1] = 11
729 : [0, 1, 0, 0] = 4
730 : [1, 1, 0, 0] = 12
731 : [0, 0, 0, 1] = 1
732 : [1, 1, 0, 0] = 12
733 : [0, 0, 0, 0] = 0
734 : [1, 0, 0, 0] = 8
735 : [0, 1, 1, 0] = 6
736 : [1, 0, 0, 0] = 8
737 : [0, 0, 1, 0] = 2
738 : [1, 1, 0, 0] = 12
739 : [0, 0, 0, 0] = 0
740 : [1, 1, 0, 0] = 12
741 : [0, 1, 0, 1] = 5
742 : [1, 0, 1, 0] = 10
743 : [0, 0, 0, 0] = 0
744 : [1, 1, 0, 0] = 12
745 : [0, 1, 0, 0] = 4
746 : [1, 0, 0, 0] = 8
747 : [0, 1, 0, 0] = 4
748 : [1, 0, 1, 1] = 11
749 : [0, 0, 1, 0] = 2
750 : [1, 1, 0, 0] = 12
751 : [0, 0, 0, 0] = 0
752 : [1, 0, 0, 0] = 8
753 : [0, 1, 0, 0] = 4
754 : [1, 0, 0, 1] = 9
755 : [0, 1, 0, 0] = 4
756 : [1, 1, 1, 0] = 14
757 : [0, 0, 0, 0] = 0
758 : [1, 0, 0, 0] = 8
759 : [0, 1, 1, 0] = 6
760 : [1, 1, 0, 0] = 12
761 : [0, 0, 0, 0] = 0
762 : [1, 1, 0, 0] = 12
763 : [0, 0, 1, 0] = 2
764 : [1, 0, 0, 0] = 8
765 : [0, 1, 0, 1] = 5
766 : [1, 0, 0, 0] = 8
767 : [0, 0, 0, 1] = 1
768 : [1, 1, 0, 0] = 12
769 : [0, 0, 0, 0] = 0
770 : [1, 1, 1, 0] = 14
771 : [0, 1, 0, 0] = 4
772 : [1, 0, 0, 0] = 8
773 : [0, 0, 0, 0] = 0
774 : [1, 1, 0, 0] = 12
775 : [0, 1, 0, 0] = 4
776 : [1, 0, 0, 0] = 8
777 : [0, 1, 1, 0] = 6
778 : [1, 0, 0, 0] = 8
779 : [0, 0, 0, 0] = 0
780 : [1, 1, 0, 1] = 13
781 : [0, 0, 1, 0] = 2
782 : [1, 0, 0, 1] = 9
783 : [0, 1, 0, 0] = 4
784 : [1, 0, 1, 0] = 10
785 : [0, 1, 0, 0] = 4
786 : [1, 1, 0, 0] = 12
787 : [0, 0, 0, 0] = 0
788 : [1, 0, 0, 0] = 8
789 : [0, 1, 0, 0] = 4
790 : [1, 1, 0, 0] = 12
791 : [0, 0, 1, 0] = 2
792 : [1, 1, 1, 0] = 14
793 : [0, 0, 0, 1] = 1
794 : [1, 0, 0, 0] = 8
795 : [0, 1, 0, 0] = 4
796 : [1, 0, 0, 0] = 8
797 : [0, 0, 0, 0] = 0
798 : [1, 1, 1, 0] = 14
799 : [0, 0, 0, 1] = 1
800 : [1, 1, 0, 0] = 12
801 : [0, 1, 0, 0] = 4
802 : [1, 0, 0, 0] = 8
803 : [0, 0, 1, 0] = 2
804 : [1, 1, 0, 0] = 12
805 : [0, 1, 1, 0] = 6
806 : [1, 0, 0, 1] = 9
807 : [0, 1, 0, 0] = 4
808 : [1, 0, 0, 0] = 8
809 : [0, 0, 0, 0] = 0
810 : [1, 1, 0, 0] = 12
811 : [0, 0, 0, 0] = 0
812 : [1, 0, 1, 0] = 10
813 : [0, 1, 0, 0] = 4
814 : [1, 0, 1, 0] = 10
815 : [0, 1, 0, 0] = 4
816 : [1, 1, 0, 1] = 13
817 : [0, 0, 0, 0] = 0
818 : [1, 0, 0, 0] = 8
819 : [0, 1, 1, 1] = 7
820 : [1, 1, 0, 0] = 12
821 : [0, 0, 0, 0] = 0
822 : [1, 1, 0, 0] = 12
823 : [0, 0, 0, 0] = 0
824 : [1, 0, 0, 0] = 8
825 : [0, 1, 1, 0] = 6
826 : [1, 0, 1, 0] = 10
827 : [0, 0, 0, 0] = 0
828 : [1, 1, 0, 0] = 12
829 : [0, 0, 0, 0] = 0
830 : [1, 1, 0, 0] = 12
831 : [0, 1, 0, 0] = 4
832 : [1, 0, 0, 1] = 9
833 : [0, 0, 1, 1] = 3
834 : [1, 1, 0, 0] = 12
835 : [0, 1, 0, 0] = 4
836 : [1, 0, 1, 0] = 10
837 : [0, 1, 0, 0] = 4
838 : [1, 0, 0, 0] = 8
839 : [0, 0, 0, 0] = 0
840 : [1, 1, 1, 0] = 14
841 : [0, 0, 0, 0] = 0
842 : [1, 0, 0, 0] = 8
843 : [0, 1, 0, 0] = 4
844 : [1, 0, 0, 0] = 8
845 : [0, 1, 0, 1] = 5
846 : [1, 1, 0, 0] = 12
847 : [0, 0, 1, 0] = 2
848 : [1, 0, 0, 0] = 8
849 : [0, 1, 0, 0] = 4
850 : [1, 1, 0, 1] = 13
851 : [0, 0, 0, 0] = 0
852 : [1, 1, 0, 0] = 12
853 : [0, 0, 0, 0] = 0
854 : [1, 0, 1, 0] = 10
855 : [0, 1, 0, 0] = 4
856 : [1, 0, 0, 0] = 8
857 : [0, 0, 0, 0] = 0
858 : [1, 1, 1, 1] = 15
859 : [0, 0, 0, 0] = 0
860 : [1, 1, 0, 0] = 12
861 : [0, 1, 1, 0] = 6
862 : [1, 0, 0, 0] = 8
863 : [0, 0, 0, 0] = 0
864 : [1, 1, 0, 0] = 12
865 : [0, 1, 0, 0] = 4
866 : [1, 0, 0, 0] = 8
867 : [0, 1, 0, 1] = 5
868 : [1, 0, 1, 0] = 10
869 : [0, 0, 1, 0] = 2
870 : [1, 1, 0, 0] = 12
871 : [0, 0, 0, 1] = 1
872 : [1, 0, 0, 0] = 8
873 : [0, 1, 0, 0] = 4
874 : [1, 0, 0, 0] = 8
875 : [0, 1, 1, 0] = 6
876 : [1, 1, 0, 0] = 12
877 : [0, 0, 0, 0] = 0
878 : [1, 0, 0, 0] = 8
879 : [0, 1, 0, 0] = 4
880 : [1, 1, 1, 0] = 14
881 : [0, 0, 0, 0] = 0
882 : [1, 1, 1, 0] = 14
883 : [0, 0, 0, 0] = 0
884 : [1, 0, 0, 1] = 9
885 : [0, 1, 0, 0] = 4
886 : [1, 0, 0, 0] = 8
887 : [0, 0, 0, 0] = 0
888 : [1, 1, 0, 0] = 12
889 : [0, 0, 1, 0] = 2
890 : [1, 1, 0, 0] = 12
891 : [0, 1, 1, 0] = 6
892 : [1, 0, 0, 0] = 8
893 : [0, 0, 0, 0] = 0
894 : [1, 1, 0, 0] = 12
895 : [0, 1, 0, 0] = 4
896 : [1, 0, 1, 0] = 10
897 : [0, 1, 0, 1] = 5
898 : [1, 0, 0, 0] = 8
899 : [0, 0, 0, 0] = 0
900 : [1, 1, 0, 0] = 12
901 : [0, 0, 0, 1] = 1
902 : [1, 0, 1, 0] = 10
903 : [0, 1, 1, 0] = 6
904 : [1, 0, 0, 0] = 8
905 : [0, 1, 0, 0] = 4
906 : [1, 1, 0, 0] = 12
907 : [0, 0, 0, 0] = 0
908 : [1, 0, 0, 0] = 8
909 : [0, 1, 0, 0] = 4
910 : [1, 1, 1, 1] = 15
911 : [0, 0, 0, 0] = 0
912 : [1, 1, 0, 0] = 12
913 : [0, 0, 1, 0] = 2
914 : [1, 0, 0, 0] = 8
915 : [0, 1, 0, 0] = 4
916 : [1, 0, 0, 0] = 8
917 : [0, 0, 1, 0] = 2
918 : [1, 1, 0, 1] = 13
919 : [0, 0, 0, 0] = 0
920 : [1, 1, 0, 0] = 12
921 : [0, 1, 0, 0] = 4
922 : [1, 0, 0, 0] = 8
923 : [0, 0, 0, 1] = 1
924 : [1, 1, 1, 0] = 14
925 : [0, 1, 0, 0] = 4
926 : [1, 0, 0, 0] = 8
927 : [0, 1, 0, 0] = 4
928 : [1, 0, 0, 0] = 8
929 : [0, 0, 0, 0] = 0
930 : [1, 1, 0, 0] = 12
931 : [0, 0, 1, 0] = 2
932 : [1, 0, 0, 0] = 8
933 : [0, 1, 0, 0] = 4
934 : [1, 0, 0, 0] = 8
935 : [0, 1, 1, 1] = 7
936 : [1, 1, 0, 1] = 13
937 : [0, 0, 0, 0] = 0
938 : [1, 0, 1, 0] = 10
939 : [0, 1, 0, 0] = 4
940 : [1, 1, 0, 0] = 12
941 : [0, 0, 0, 0] = 0
942 : [1, 1, 0, 0] = 12
943 : [0, 0, 0, 0] = 0
944 : [1, 0, 0, 0] = 8
945 : [0, 1, 1, 0] = 6
946 : [1, 0, 1, 0] = 10
947 : [0, 0, 0, 0] = 0
948 : [1, 1, 0, 0] = 12
949 : [0, 0, 0, 1] = 1
950 : [1, 1, 0, 0] = 12
951 : [0, 1, 0, 0] = 4
952 : [1, 0, 1, 1] = 11
953 : [0, 0, 0, 0] = 0
954 : [1, 1, 0, 0] = 12
955 : [0, 1, 0, 0] = 4
956 : [1, 0, 0, 0] = 8
957 : [0, 1, 1, 0] = 6
958 : [1, 0, 0, 0] = 8
959 : [0, 0, 1, 0] = 2
960 : [1, 1, 0, 0] = 12
961 : [0, 0, 0, 0] = 0
962 : [1, 0, 0, 1] = 9
963 : [0, 1, 0, 0] = 4
964 : [1, 0, 0, 0] = 8
965 : [0, 1, 0, 0] = 4
966 : [1, 1, 1, 0] = 14
967 : [0, 0, 0, 0] = 0
968 : [1, 0, 1, 0] = 10
969 : [0, 1, 0, 1] = 5
970 : [1, 1, 0, 0] = 12
971 : [0, 0, 0, 0] = 0
972 : [1, 1, 0, 0] = 12
973 : [0, 0, 1, 0] = 2
974 : [1, 0, 0, 0] = 8
975 : [0, 1, 0, 1] = 5
976 : [1, 0, 0, 0] = 8
977 : [0, 0, 0, 0] = 0
978 : [1, 1, 0, 0] = 12
979 : [0, 0, 1, 0] = 2
980 : [1, 1, 1, 0] = 14
981 : [0, 1, 0, 0] = 4
982 : [1, 0, 0, 0] = 8
983 : [0, 0, 0, 0] = 0
984 : [1, 1, 0, 0] = 12
985 : [0, 1, 0, 0] = 4
986 : [1, 0, 0, 1] = 9
987 : [0, 1, 1, 0] = 6
988 : [1, 0, 0, 1] = 9
989 : [0, 0, 0, 0] = 0
990 : [1, 1, 1, 0] = 14
991 : [0, 0, 0, 0] = 0
992 : [1, 0, 0, 0] = 8
993 : [0, 1, 0, 0] = 4
994 : [1, 0, 1, 0] = 10
995 : [0, 1, 0, 0] = 4
996 : [1, 1, 0, 0] = 12
997 : [0, 0, 0, 0] = 0
998 : [1, 0, 0, 0] = 8
999 : [0, 1, 0, 0] = 4
[15, 0, 8, 4, 12, 2, 1, 10, 6, 9, 5, 14, 13, 3, 11, 7]
